   9.99999978E-03
   1.99999996E-02
   2.99999993E-02
   3.99999991E-02
   4.99999970E-02
   5.99999987E-02
   7.00000003E-02
   7.99999982E-02
   8.99999961E-02
   9.99999940E-02
  0.109999999    
  0.119999997    
  0.129999995    
  0.140000001    
  0.149999991    
  0.159999996    
  0.170000002    
  0.179999992    
  0.189999998    
  0.199999988    
  0.209999993    
  0.219999999    
  0.229999989    
  0.239999995    
  0.250000000    
  0.259999990    
  0.269999981    
  0.280000001    
  0.289999992    
  0.299999982    
  0.310000002    
  0.319999993    
  0.329999983    
  0.340000004    
  0.349999994    
  0.359999985    
  0.370000005    
  0.379999995    
  0.389999986    
  0.399999976    
  0.409999996    
  0.419999987    
  0.429999977    
  0.439999998    
  0.449999988    
  0.459999979    
  0.469999999    
  0.479999989    
  0.489999980    
  0.500000000    
  0.509999990    
  0.519999981    
  0.529999971    
  0.539999962    
  0.550000012    
  0.560000002    
  0.569999993    
  0.579999983    
  0.589999974    
  0.599999964    
  0.610000014    
  0.620000005    
  0.629999995    
  0.639999986    
  0.649999976    
  0.659999967    
  0.669999957    
  0.680000007    
  0.689999998    
  0.699999988    
  0.709999979    
  0.719999969    
  0.729999959    
  0.740000010    
  0.750000000    
  0.759999990    
  0.769999981    
  0.779999971    
  0.789999962    
  0.799999952    
  0.810000002    
  0.819999993    
  0.829999983    
  0.839999974    
  0.849999964    
  0.859999955    
  0.870000005    
  0.879999995    
  0.889999986    
  0.899999976    
  0.909999967    
  0.919999957    
  0.930000007    
  0.939999998    
  0.949999988    
  0.959999979    
  0.969999969    
  0.979999959    
  0.989999950    
   1.00000000    
   1.00999999    
   1.01999998    
   1.02999997    
   1.03999996    
   1.04999995    
   1.05999994    
   1.06999993    
   1.07999992    
   1.09000003    
   1.10000002    
   1.11000001    
   1.12000000    
   1.13000000    
   1.13999999    
   1.14999998    
   1.15999997    
   1.16999996    
   1.17999995    
   1.18999994    
   1.19999993    
   1.20999992    
   1.22000003    
   1.23000002    
   1.24000001    
   1.25000000    
   1.25999999    
   1.26999998    
   1.27999997    
   1.28999996    
   1.29999995    
   1.30999994    
   1.31999993    
   1.32999992    
   1.33999991    
   1.35000002    
   1.36000001    
   1.37000000    
   1.38000000    
   1.38999999    
   1.39999998    
   1.40999997    
   1.41999996    
   1.42999995    
   1.43999994    
   1.44999993    
   1.45999992    
   1.46999991    
   1.48000002    
   1.49000001    
   1.50000000    
   1.50999999    
   1.51999998    
   1.52999997    
   1.53999996    
   1.54999995    
   1.55999994    
   1.56999993    
   1.57999992    
   1.58999991    
   1.59999990    
   1.61000001    
   1.62000000    
   1.63000000    
   1.63999999    
   1.64999998    
   1.65999997    
   1.66999996    
   1.67999995    
   1.68999994    
   1.69999993    
   1.70999992    
   1.71999991    
   1.73000002    
   1.74000001    
   1.75000000    
   1.75999999    
   1.76999998    
   1.77999997    
   1.78999996    
   1.79999995    
   1.80999994    
   1.81999993    
   1.82999992    
   1.83999991    
   1.84999990    
   1.86000001    
   1.87000000    
   1.88000000    
   1.88999999    
   1.89999998    
   1.90999997    
   1.91999996    
   1.92999995    
   1.93999994    
   1.94999993    
   1.95999992    
   1.96999991    
   1.97999990    
   1.99000001    
   2.00000000    
   2.00999999    
   2.01999998    
   2.02999997    
   2.03999996    
   2.04999995    
   2.05999994    
   2.06999993    
   2.07999992    
   2.08999991    
   2.09999990    
   2.10999990    
   2.11999989    
   2.12999988    
   2.13999987    
   2.14999986    
   2.15999985    
   2.16999984    
   2.18000007    
   2.19000006    
   2.20000005    
   2.21000004    
   2.22000003    
   2.23000002    
   2.24000001    
   2.25000000    
   2.25999999    
   2.26999998    
   2.27999997    
   2.28999996    
   2.29999995    
   2.30999994    
   2.31999993    
   2.32999992    
   2.33999991    
   2.34999990    
   2.35999990    
   2.36999989    
   2.37999988    
   2.38999987    
   2.39999986    
   2.40999985    
   2.41999984    
   2.42999983    
   2.44000006    
   2.45000005    
   2.46000004    
   2.47000003    
   2.48000002    
   2.49000001    
   2.50000000    
   2.50999999    
   2.51999998    
   2.52999997    
   2.53999996    
   2.54999995    
   2.55999994    
   2.56999993    
   2.57999992    
   2.58999991    
   2.59999990    
   2.60999990    
   2.61999989    
   2.62999988    
   2.63999987    
   2.64999986    
   2.65999985    
   2.66999984    
   2.67999983    
   2.69000006    
   2.70000005    
   2.71000004    
   2.72000003    
   2.73000002    
   2.74000001    
   2.75000000    
   2.75999999    
   2.76999998    
   2.77999997    
   2.78999996    
   2.79999995    
   2.80999994    
   2.81999993    
   2.82999992    
   2.83999991    
   2.84999990    
   2.85999990    
   2.86999989    
   2.87999988    
   2.88999987    
   2.89999986    
   2.90999985    
   2.91999984    
   2.92999983    
   2.93999982    
   2.95000005    
   2.96000004    
   2.97000003    
   2.98000002    
   2.99000001    
   3.00000000    
   3.00999999    
   3.01999998    
   3.02999997    
   3.03999996    
   3.04999995    
   3.05999994    
