   0.00000000       0.00000000    
  0.353553385      0.353063375    
  0.707106769      0.705146790    
   1.06066012       1.05625010    
   1.41421354       1.40637350    
   1.76776683       1.75551689    
   2.12132025       2.10368013    
   2.47487378       2.45086384    
   2.82842708       2.79706717    
   3.18198037       3.14229035    
   3.53553367       3.48653364    
   3.88908720       3.82979727    
   4.24264050       4.17208052    
   4.59619379       4.51338387    
   4.94974756       4.85370779    
   5.30330038       5.19305038    
   5.65685415       5.53141403    
   6.01040792       5.86879778    
   6.36396074       6.20520067    
   6.71751451       6.54062462    
   7.07106733       6.87506723    
   7.42462111       7.20853090    
   7.77817440       7.54101419    
   8.13172722       7.87251711    
   8.48528099       8.20304108    
   8.83883476       8.53258514    
   9.19238758       8.86114788    
   9.54594040       9.18873024    
   9.89949512       9.51533508    
   10.2530479       9.84095764    
   10.6066008       10.1656008    
   10.9601555       10.4892654    
   11.3137083       10.8119488    
   11.6672611       11.1336508    
   12.0208158       11.4543762    
   12.3743687       11.7741184    
   12.7279215       12.0928812    
   13.0814753       12.4106655    
   13.4350290       12.7274694    
   13.7885818       13.0432920    
   14.1421347       13.3581352    
   14.4956884       13.6719980    
   14.8492422       13.9848824    
   15.2027950       14.2967854    
   15.5563488       14.6077089    
   15.9099026       14.9176521    
   16.2634544       15.2266140    
   16.6170101       15.5346003    
   16.9705620       15.8416023    
   17.3241158       16.1476250    
   17.6776695       16.4526691    
   18.0312233       16.7567329    
   18.3847752       17.0598145    
   18.7383289       17.3619194    
   19.0918808       17.6630402    
   19.4454365       17.9631863    
   19.7989902       18.2623501    
   20.1525421       18.5605316    
   20.5060959       18.8577366    
   20.8596497       19.1539593    
   21.2132015       19.4492016    
   21.5667572       19.7434673    
   21.9203110       20.0367508    
   22.2738628       20.3290520    
   22.6274166       20.6203766    
   22.9809704       20.9107208    
   23.3345222       21.2000828    
   23.6880760       21.4884663    
   24.0416317       21.7758713    
   24.3951836       22.0622940    
   24.7487373       22.3477364    
   25.1022892       22.6321983    
   25.4558430       22.9156837    
   25.8093967       23.1981869    
   26.1629505       23.4797096    
   26.5165043       23.7602539    
   26.8700581       24.0398178    
   27.2236099       24.3183994    
   27.5771637       24.5960045    
   27.9307156       24.8726254    
   28.2842693       25.1482697    
   28.6378250       25.4229355    
   28.9913769       25.6966171    
   29.3449306       25.9693203    
   29.6984844       26.2410450    
   30.0520363       26.5117874    
   30.4055901       26.7815514    
   30.7591457       27.0503349    
   31.1126976       27.3181381    
   31.4662514       27.5849609    
   31.8198051       27.8508053    
   32.1733589       28.1156693    
   32.5269089       28.3795490    
   32.8804665       28.6424561    
   33.2340202       28.9043808    
   33.5875702       29.1653194    
   33.9411240       29.4252834    
   34.2946777       29.6842690    
   34.6482315       29.9422722    
   35.0017853       30.1992950    
   35.3553391       30.4553394    
   35.7088928       30.7104034    
   36.0624466       30.9644871    
   36.4159966       31.2175865    
   36.7695503       31.4697113    
   37.1231041       31.7208538    
   37.4766579       31.9710178    
   37.8302116       32.2202034    
   38.1837616       32.4684029    
   38.5373192       32.7156296    
   38.8908730       32.9618721    
   39.2444267       33.2071381    
   39.5979805       33.4514198    
   39.9515343       33.6947250    
   40.3050842       33.9370422    
   40.6586380       34.1783867    
   41.0121918       34.4187508    
   41.3657455       34.6581345    
   41.7192993       34.8965378    
   42.0728531       35.1339645    
   42.4264030       35.3704033    
   42.7799568       35.6058655    
   43.1335144       35.8403549    
   43.4870682       36.0738564    
   43.8406219       36.3063812    
   44.1941757       36.5379257    
   44.5477257       36.7684860    
   44.9012794       36.9980698    
   45.2548332       37.2266731    
   45.6083870       37.4542961    
   45.9619408       37.6809425    
   46.3154907       37.9066010    
   46.6690445       38.1312866    
   47.0225983       38.3549881    
   47.3761520       38.5777130    
   47.7297096       38.7994614    
   48.0832634       39.0202255    
   48.4368134       39.2400017    
   48.7903671       39.4588089    
   49.1439209       39.6766319    
   49.4974747       39.8934746    
   49.8510284       40.1093369    
   50.2045784       40.3242188    
   50.5581322       40.5381241    
   50.9116859       40.7510452    
   51.2652397       40.9629898    
   51.6187935       41.1739540    
   51.9723434       41.3839340    
   52.3259010       41.5929413    
   52.6794548       41.8009644    
   53.0330086       42.0080070    
   53.3865623       42.2140732    
   53.7401161       42.4191551    
   54.0936661       42.6232567    
   54.4472198       42.8263779    
   54.8007736       43.0285263    
   55.1543274       43.2296867    
   55.5078812       43.4298706    
   55.8614311       43.6290741    
   56.2149849       43.8272934    
   56.5685387       44.0245399    
   56.9220963       44.2208061    
   57.2756500       44.4160919    
   57.6292038       44.6103935    
   57.9827538       44.8037148    
   58.3363075       44.9960556    
   58.6898613       45.1874237    
   59.0434151       45.3778076    
   59.3969688       45.5672073    
   59.7505226       45.7556343    
   60.1040726       45.9430733    
   60.4576263       46.1295395    
   60.8111801       46.3150215    
   61.1647377       46.4995270    
   61.5182915       46.6830521    
   61.8718414       46.8655930    
   62.2253952       47.0471535    
   62.5789490       47.2277374    
   62.9325027       47.4073410    
   63.2860565       47.5859680    
   63.6396103       47.7636108    
   63.9931602       47.9402695    
   64.3467178       48.1159592    
   64.7002640       48.2906570    
   65.0538177       48.4643784    
   65.4073715       48.6371231    
   65.7609329       48.8088913    
   66.1144867       48.9796753    
   66.4680405       49.1494827    
   66.8215866       49.3182983    
   67.1751404       49.4861374    
   67.5286942       49.6530037    
   67.8822479       49.8188858    
   68.2358017       49.9837952    
   68.5893555       50.1477165    
   68.9429092       50.3106613    
   69.2964630       50.4726257    
   69.6500168       50.6336060    
   70.0035706       50.7936096    
   70.3571243       50.9526329    
   70.7106781       51.1106796    
   71.0642319       51.2677422    
   71.4177856       51.4238281    
   71.7713394       51.5789261    
   72.1248932       51.7330551    
   72.4784470       51.8862000    
   72.8319931       52.0383530    
   73.1855469       52.1895370    
   73.5391006       52.3397446    
   73.8926544       52.4889641    
   74.2462082       52.6372070    
   74.5997620       52.7844734    
   74.9533157       52.9307556    
   75.3068695       53.0760651    
   75.6604233       53.2203865    
   76.0139771       53.3637314    
   76.3675232       53.5060883    
   76.7210770       53.6474686    
   77.0746384       53.7878799    
   77.4281921       53.9272995    
   77.7817459       54.0657425    
   78.1352997       54.2032089    
   78.4888535       54.3396912    
   78.8424072       54.4751968    
   79.1959610       54.6097221    
   79.5495148       54.7432632    
   79.9030685       54.8758278    
   80.2566223       55.0074120    
   80.6101685       55.1380081    
   80.9637222       55.2676315    
   81.3172760       55.3962746    
   81.6708298       55.5239410    
   82.0243835       55.6506233    
   82.3779373       55.7763290    
   82.7314911       55.9010544    
   83.0850449       56.0247955    
   83.4385986       56.1475601    
   83.7921524       56.2693443    
   84.1457062       56.3901482    
   84.4992523       56.5099640    
   84.8528061       56.6288071    
   85.2063599       56.7466736    
   85.5599136       56.8635559    
   85.9134674       56.9794617    
   86.2670288       57.0943871    
   86.6205826       57.2083321    
   86.9741364       57.3212929    
   87.3276901       57.4332809    
   87.6812439       57.5442810    
   88.0347977       57.6543045    
   88.3883514       57.7633514    
   88.7418976       57.8714066    
   89.0954514       57.9784927    
   89.4490051       58.0845947    
   89.8025589       58.1897202    
   90.1561127       58.2938614    
   90.5096664       58.3970299    
   90.8632202       58.4992142    
   91.2167740       58.6004143    
   91.5703278       58.7006378    
   91.9238815       58.7998848    
   92.2774277       58.8981400    
   92.6309814       58.9954262    
   92.9845352       59.0917282    
   93.3380890       59.1870499    
   93.6916428       59.2813950    
   94.0451965       59.3747597    
   94.3987503       59.4671440    
   94.7523041       59.5585480    
   95.1058655       59.6489716    
   95.4594193       59.7384186    
   95.8129730       59.8268814    
   96.1665268       59.9143677    
   96.5200729       60.0008621    
   96.8736267       60.0863838    
   97.2271805       60.1709290    
   97.5807343       60.2544937    
   97.9342880       60.3370781    
   98.2878418       60.4186821    
   98.6413956       60.4993057    
   98.9949493       60.5789490    
   99.3485031       60.6576118    
   99.7020569       60.7352982    
   100.055603       60.8119965    
   100.409157       60.8877182    
   100.762711       60.9624596    
   101.116264       61.0362244    
   101.469818       61.1090088    
   101.823372       61.1808167    
   102.176926       61.2516403    
   102.530479       61.3214798    
   102.884033       61.3903465    
   103.237587       61.4582291    
   103.591141       61.5251350    
   103.944687       61.5910530    
   104.298248       61.6559944    
   104.651802       61.7199593    
   105.005356       61.7829437    
   105.358910       61.8449478    
   105.712463       61.9059715    
   106.066017       61.9660149    
   106.419571       62.0250778    
   106.773125       62.0831642    
   107.126678       62.1402702    
   107.480232       62.1963921    
   107.833786       62.2515373    
   108.187332       62.3056908    
   108.540886       62.3588753    
   108.894440       62.4110794    
   109.247993       62.4623070    
   109.601547       62.5125504    
   109.955101       62.5618134    
   110.308655       62.6100960    
   110.662209       62.6574020    
   111.015762       62.7037239    
   111.369316       62.7490692    
   111.722862       62.7934265    
   112.076416       62.8368111    
   112.429970       62.8792114    
   112.783524       62.9206390    
   113.137077       62.9610825    
   113.490639       63.0005493    
   113.844193       63.0390282    
   114.197746       63.0765343    
   114.551300       63.1130600    
   114.904854       63.1486015    
   115.258408       63.1831665    
   115.611961       63.2167511    
   115.965508       63.2493477    
   116.319061       63.2809715    
   116.672615       63.3116150    
   117.026169       63.3412819    
   117.379723       63.3699646    
   117.733276       63.3976707    
   118.086830       63.4243927    
   118.440384       63.4501381    
   118.793938       63.4748955    
   119.147491       63.4986801    
   119.501045       63.5214882    
   119.854591       63.5433044    
   120.208145       63.5641479    
   120.561699       63.5840111    
   120.915253       63.6028976    
   121.268806       63.6208038    
   121.622360       63.6377258    
   121.975914       63.6536713    
   122.329475       63.6686325    
   122.683029       63.6826172    
   123.036583       63.6956215    
   123.390137       63.7076454    
   123.743683       63.7186852    
   124.097237       63.7287483    
   124.450790       63.7378273    
   124.804344       63.7459297    
   125.157898       63.7530556    
   125.511452       63.7592010    
   125.865005       63.7643661    
   126.218559       63.7685509    
   126.572113       63.7717552    
   126.925667       63.7739792    
   127.279221       63.7752228    
   127.632767       63.7754822    
   127.986320       63.7747650    
   128.339874       63.7730637    
   128.693436       63.7703934    
   129.046982       63.7667313    
   129.400528       63.7620926    
   129.754089       63.7564850    
   130.107635       63.7498779    
   130.461197       63.7423096    
   130.814743       63.7337494    
   131.168304       63.7242203    
   131.521866       63.7136993    
   131.875412       63.7022018    
   132.228973       63.6897354    
   132.582520       63.6762695    
   132.936081       63.6618423    
   133.289627       63.6464157    
   133.643173       63.6300125    
   133.996735       63.6126404    
   134.350281       63.5942764    
   134.703842       63.5749512    
   135.057388       63.5546265    
   135.410950       63.5333405    
   135.764496       63.5110550    
   136.118057       63.4878082    
   136.471603       63.4635696    
   136.825165       63.4383621    
   137.178711       63.4121552    
   137.532257       63.3849716    
   137.885818       63.3568192    
   138.239365       63.3276749    
   138.592926       63.2975693    
   138.946472       63.2664642    
   139.300034       63.2343979    
   139.653580       63.2013321    
   140.007141       63.1673050    
   140.360703       63.1322861    
   140.714249       63.0962830    
   141.067810       63.0593185    
   141.421356       63.0213547    
   141.774902       62.9824219    
   142.128464       62.9425049    
   142.482010       62.9016037    
   142.835571       62.8597336    
   143.189117       62.8168793    
   143.542679       62.7730331    
   143.896225       62.7282257    
   144.249786       62.6824265    
   144.603333       62.6356583    
   144.956894       62.5878983    
   145.310455       62.5391541    
   145.663986       62.4894333    
   146.017548       62.4387283    
   146.371094       62.3870621    
   146.724655       62.3343964    
   147.078201       62.2807693    
   147.431763       62.2261505    
   147.785309       62.1705475    
   148.138870       62.1139755    
   148.492416       62.0564194    
   148.845978       61.9978867    
   149.199524       61.9383698    
   149.553085       61.8778687    
   149.906631       61.8163986    
   150.260193       61.7539368    
   150.613739       61.6905136    
   150.967300       61.6260910    
   151.320847       61.5606995    
   151.674408       61.4943161    
   152.027954       61.4269638    
   152.381516       61.3586273    
   152.735046       61.2892990    
   153.088608       61.2189941    
   153.442154       61.1477280    
   153.795715       61.0754623    
   154.149277       61.0022354    
   154.502823       60.9280167    
   154.856384       60.8528137    
   155.209930       60.7766418    
   155.563492       60.6994858    
   155.917038       60.6213531    
   156.270599       60.5422363    
   156.624146       60.4621429    
   156.977707       60.3810654    
   157.331253       60.2990036    
   157.684814       60.2159729    
   158.038361       60.1319580    
   158.391922       60.0469666    
   158.745468       59.9609833    
   159.099030       59.8740234    
   159.452576       59.7860947    
   159.806137       59.6971741    
   160.159683       59.6072845    
   160.513245       59.5164032    
   160.866776       59.4245377    
   161.220337       59.3316956    
   161.573883       59.2378845    
   161.927444       59.1430893    
   162.280991       59.0473099    
   162.634552       58.9505463    
   162.988113       58.8528137    
   163.341660       58.7540970    
   163.695221       58.6544037    
   164.048767       58.5537262    
   164.402328       58.4520645    
   164.755875       58.3494415    
   165.109436       58.2458191    
   165.462982       58.1412277    
   165.816544       58.0356445    
   166.170090       57.9291000    
   166.523651       57.8215561    
   166.877197       57.7130432    
   167.230759       57.6035461    
   167.584305       57.4930725    
   167.937866       57.3816147    
   168.291412       57.2691803    
   168.644974       57.1557617    
   168.998505       57.0413589    
   169.352066       56.9259720    
   169.705612       56.8096237    
   170.059174       56.6922836    
   170.412720       56.5739746    
   170.766281       56.4546738    
   171.119827       56.3343964    
   171.473389       56.2131424    
   171.826935       56.0909042    
   172.180496       55.9676971    
   172.534058       55.8434906    
   172.887604       55.7183151    
   173.241165       55.5921631    
   173.594711       55.4650269    
   173.948273       55.3368988    
   174.301819       55.2078171    
   174.655380       55.0777359    
   175.008926       54.9466858    
   175.362488       54.8146439    
   175.716034       54.6816330    
   176.069595       54.5476303    
   176.423126       54.4126434    
   176.776703       54.2767029    
   177.130234       54.1397476    
   177.483795       54.0018387    
   177.837341       53.8629379    
   178.190903       53.7230606    
   178.544449       53.5822144    
   178.898010       53.4403687    
   179.251556       53.2975616    
   179.605118       53.1537552    
   179.958664       53.0089951    
   180.312225       52.8632278    
   180.665771       52.7164917    
   181.019333       52.5687866    
   181.372894       52.4200745    
   181.726440       52.2704163    
   182.080002       52.1197510    
   182.433548       51.9681091    
   182.787109       51.8154907    
   183.140656       51.6618958    
   183.494217       51.5073242    
   183.847763       51.3517761    
   184.201324       51.1952209    
   184.554855       51.0377045    
   184.908417       50.8791962    
   185.261963       50.7197418    
   185.615524       50.5592651    
   185.969070       50.3978424    
   186.322632       50.2354279    
   186.676178       50.0720215    
   187.029739       49.9076538    
   187.383286       49.7422943    
   187.736847       49.5759583    
   188.090393       49.4086456    
   188.443954       49.2403412    
   188.797501       49.0710754    
   189.151062       48.9008179    
   189.504608       48.7295837    
   189.858170       48.5573578    
   190.211731       48.3841553    
   190.565277       48.2099915    
   190.918839       48.0348358    
   191.272385       47.8587036    
   191.625946       47.6815796    
   191.979492       47.5034790    
   192.333054       47.3244171    
   192.686584       47.1443329    
   193.040146       46.9633026    
   193.393692       46.7812958    
   193.747253       46.5982819    
   194.100800       46.4143219    
   194.454361       46.2293549    
   194.807907       46.0434265    
   195.161469       45.8565063    
   195.515015       45.6686096    
   195.868576       45.4797363    
   196.222122       45.2898865    
   196.575684       45.0990448    
   196.929230       44.9072266    
   197.282791       44.7144318    
   197.636337       44.5206604    
   197.989899       44.3258972    
   198.343445       44.1301727    
   198.697006       43.9334412    
   199.050552       43.7357635    
   199.404114       43.5370789    
   199.757675       43.3374176    
   200.111206       43.1367798    
   200.464783       42.9351654    
   200.818314       42.7325592    
   201.171875       42.5289764    
   201.525421       42.3244171    
   201.878983       42.1188965    
   202.232529       41.9123688    
   202.586090       41.7048645    
   202.939636       41.4963989    
   203.293198       41.2869415    
   203.646744       41.0765228    
   204.000305       40.8650970    
   204.353851       40.6527100    
   204.707413       40.4393158    
   205.060959       40.2249603    
   205.414520       40.0096283    
   205.768066       39.7933197    
   206.121628       39.5760193    
   206.475174       39.3577423    
   206.828735       39.1384888    
   207.182281       38.9182587    
   207.535843       38.6970367    
   207.889374       38.4748383    
   208.242935       38.2516479    
   208.596497       38.0274811    
   208.950043       37.8023529    
   209.303604       37.5762329    
   209.657150       37.3491516    
   210.010712       37.1210632    
   210.364258       36.8920135    
   210.717819       36.6619720    
   211.071365       36.4309540    
   211.424927       36.1989594    
   211.778473       35.9659882    
   212.132034       35.7320251    
   212.485580       35.4971008    
   212.839142       35.2611694    
   213.192688       35.0242920    
   213.546249       34.7864075    
   213.899796       34.5475616    
   214.253357       34.3077240    
   214.606903       34.0668945    
   214.960464       33.8251038    
   215.314011       33.5823364    
   215.667572       33.3385773    
   216.021103       33.0938263    
   216.374664       32.8480988    
   216.728210       32.6014252    
   217.081772       32.3537292    
   217.435333       32.1050720    
   217.788879       31.8554382    
   218.142441       31.6048126    
   218.495987       31.3532410    
   218.849548       31.1006470    
   219.203094       30.8471069    
   219.556656       30.5925598    
   219.910202       30.3370514    
   220.263763       30.0805511    
   220.617310       29.8230743    
   220.970871       29.5646210    
   221.324417       29.3051910    
   221.677979       29.0447693    
   222.031525       28.7833710    
   222.385086       28.5209961    
   222.738632       28.2576447    
   223.092194       27.9933014    
   223.445724       27.7279816    
   223.799286       27.4616699    
   224.152832       27.1944122    
   224.506393       26.9261475    
   224.859940       26.6569061    
   225.213501       26.3867035    
   225.567047       26.1155090    
   225.920609       25.8433228    
   226.274155       25.5701752    
   226.627716       25.2960358    
   226.981277       25.0209198    
   227.334824       24.7448120    
   227.688385       24.4677277    
   228.041931       24.1896973    
   228.395493       23.9106445    
   228.749039       23.6306458    
   229.102600       23.3496399    
   229.456146       23.0676727    
   229.809708       22.7846985    
   230.163254       22.5007782    
   230.516815       22.2158508    
   230.870361       21.9299622    
   231.223923       21.6430817    
   231.577454       21.3552246    
   231.931015       21.0663757    
   232.284561       20.7765503    
   232.638123       20.4857635    
   232.991669       20.1939850    
   233.345230       19.9012299    
   233.698776       19.6074982    
   234.052338       19.3127899    
   234.405884       19.0170898    
   234.759445       18.7204132    
   235.112991       18.4227600    
   235.466553       18.1241302    
   235.820114       17.8244781    
   236.173660       17.5239105    
   236.527222       17.2223206    
   236.880768       16.9197845    
   237.234329       16.6162262    
   237.587875       16.3117065    
   237.941437       16.0062256    
   238.294983       15.6997375    
   238.648544       15.3922882    
   239.002090       15.0838623    
   239.355652       14.7744446    
   239.709183       14.4640350    
   240.062744       14.1526489    
   240.416290       13.8403015    
   240.769852       13.5269623    
   241.123398       13.2126465    
   241.476959       12.8973541    
   241.830505       12.5810852    
   242.184067       12.2638245    
   242.537613       11.9456024    
   242.891174       11.6263733    
   243.244720       11.3061829    
   243.598282       10.9849854    
   243.951828       10.6628571    
   244.305389       10.3396912    
   244.658951       10.0155792    
   245.012497       9.69049072    
   245.366058       9.36441040    
   245.719604       9.03735352    
   246.073166       8.70932007    
   246.426712       8.38031006    
   246.780273       8.05030823    
   247.133804       7.71932983    
   247.487366       7.38737488    
   247.840912       7.05444336    
   248.194473       6.72052002    
   248.548019       6.38563538    
   248.901581       6.04972839    
   249.255127       5.71290588    
   249.608688       5.37503052    
   249.962234       5.03625488    
   250.315796       4.69642639    
   250.669342       4.35568237    
   251.022903       4.01390076    
   251.376450       3.67117310    
   251.730011       3.32745361    
   252.083557       2.98275757    
   252.437119       2.63708496    
   252.790665       2.29043579    
   253.144226       1.94279480    
   253.497787       1.59417725    
   253.851334       1.24458313    
   254.204895      0.893981934    
   254.558441      0.542449951    
   254.912003      0.189895630    
   255.265533     -0.163604736    
